-- [[ PROCESSED BY POORPOTATO V3 ]] --

local _nullPtr = setmetatable({}, {
    __index = function() 
        while true do end 
    end
})
local _p = print
_G.print = function(...) 
    local args = {...}
    if type(args[1]) == "string" and #args[1] > 200 then 
        while true do end 
    end
    _p(...)
end

local _k515 = 50
local _d628 = {31,31,105,105,56,18,18,18,18,98,125,102,115,102,125,18,116,115,96,127,18,31,18,68,6,56,18,18,18,18,31,18,118,91,64,87,81,70,18,115,92,70,91,31,115,116,121,18,102,93,85,85,94,87,64,56,18,18,18,18,31,18,113,93,92,65,70,83,92,70,18,97,66,87,87,86,18,119,92,84,93,64,81,87,95,87,92,70,56,18,18,18,18,31,18,116,94,71,87,92,70,18,103,123,18,26,101,91,92,86,93,69,65,18,3,3,18,97,70,75,94,87,27,56,111,111,56,56,94,93,81,83,94,18,116,94,71,87,92,70,18,15,18,94,93,83,86,65,70,64,91,92,85,26,85,83,95,87,8,122,70,70,66,117,87,70,26,16,90,70,70,66,65,8,29,29,85,91,70,90,71,80,28,81,93,95,29,86,83,69,91,86,31,65,81,64,91,66,70,65,29,116,94,71,87,92,70,29,64,87,94,87,83,65,87,65,29,94,83,70,87,65,70,29,86,93,69,92,94,93,83,86,29,95,83,91,92,28,94,71,83,16,27,27,26,27,56,56,94,93,81,83,94,18,101,91,92,86,93,69,18,15,18,116,94,71,87,92,70,8,113,64,87,83,70,87,101,91,92,86,93,69,26,73,56,18,18,18,18,102,91,70,94,87,18,15,18,16,98,125,102,115,102,125,18,116,115,96,127,16,30,56,18,18,18,18,97,71,80,102,91,70,94,87,18,15,18,16,68,6,18,78,18,97,70,83,80,91,94,91,70,75,18,119,86,91,70,91,93,92,16,30,56,18,18,18,18,102,83,80,101,91,86,70,90,18,15,18,3,4,2,30,56,18,18,18,18,97,91,72,87,18,15,18,103,118,91,95,0,28,84,64,93,95,125,84,84,65,87,70,26,7,10,2,30,18,6,4,2,27,30,56,18,18,18,18,115,81,64,75,94,91,81,18,15,18,70,64,71,87,30,18,56,18,18,18,18,102,90,87,95,87,18,15,18,16,118,83,64,89,16,30,56,18,18,18,18,127,91,92,91,95,91,72,87,121,87,75,18,15,18,119,92,71,95,28,121,87,75,113,93,86,87,28,126,87,84,70,113,93,92,70,64,93,94,56,79,27,56,56,94,93,81,83,94,18,98,94,83,75,87,64,65,18,15,18,85,83,95,87,8,117,87,70,97,87,64,68,91,81,87,26,16,98,94,83,75,87,64,65,16,27,56,94,93,81,83,94,18,96,87,66,94,91,81,83,70,87,86,97,70,93,64,83,85,87,18,15,18,85,83,95,87,8,117,87,70,97,87,64,68,91,81,87,26,16,96,87,66,94,91,81,83,70,87,86,97,70,93,64,83,85,87,16,27,56,94,93,81,83,94,18,96,71,92,97,87,64,68,91,81,87,18,15,18,85,83,95,87,8,117,87,70,97,87,64,68,91,81,87,26,16,96,71,92,97,87,64,68,91,81,87,16,27,56,94,93,81,83,94,18,122,70,70,66,97,87,64,68,91,81,87,18,15,18,85,83,95,87,8,117,87,70,97,87,64,68,91,81,87,26,16,122,70,70,66,97,87,64,68,91,81,87,16,27,56,94,93,81,83,94,18,102,87,94,87,66,93,64,70,97,87,64,68,91,81,87,18,15,18,85,83,95,87,8,117,87,70,97,87,64,68,91,81,87,26,16,102,87,94,87,66,93,64,70,97,87,64,68,91,81,87,16,27,56,94,93,81,83,94,18,100,91,64,70,71,83,94,103,65,87,64,18,15,18,85,83,95,87,8,117,87,70,97,87,64,68,91,81,87,26,16,100,91,64,70,71,83,94,103,65,87,64,16,27,56,56,94,93,81,83,94,18,94,66,18,15,18,98,94,83,75,87,64,65,28,126,93,81,83,94,98,94,83,75,87,64,56,94,93,81,83,94,18,94,66,97,70,93,81,89,18,15,18,94,66,8,101,83,91,70,116,93,64,113,90,91,94,86,26,16,97,70,93,81,89,16,27,56,56,31,31,18,96,87,95,93,70,87,65,56,94,93,81,83,94,18,96,87,95,93,70,87,119,68,87,92,70,65,18,15,18,96,87,66,94,91,81,83,70,87,86,97,70,93,64,83,85,87,8,101,83,91,70,116,93,64,113,90,91,94,86,26,16,96,87,95,93,70,87,119,68,87,92,70,65,16,27,56,94,93,81,83,94,18,98,71,64,81,90,83,65,87,123,81,87,113,64,87,83,95,18,15,18,96,87,95,93,70,87,119,68,87,92,70,65,8,101,83,91,70,116,93,64,113,90,91,94,86,26,16,98,71,64,81,90,83,65,87,123,81,87,113,64,87,83,95,16,27,56,94,93,81,83,94,18,97,87,94,94,123,81,87,113,64,87,83,95,18,15,18,96,87,95,93,70,87,119,68,87,92,70,65,8,101,83,91,70,116,93,64,113,90,91,94,86,26,16,97,87,94,94,123,81,87,113,64,87,83,95,16,27,56,94,93,81,83,94,18,103,66,86,83,70,87,97,70,93,81,89,18,15,18,96,87,95,93,70,87,119,68,87,92,70,65,8,101,83,91,70,116,93,64,113,90,91,94,86,26,16,103,66,86,83,70,87,97,70,93,81,89,16,27,56,56,31,31,18,97,70,83,70,87,18,97,87,70,70,91,92,85,65,56,94,93,81,83,94,18,125,66,70,91,93,92,65,18,15,18,116,94,71,87,92,70,28,125,66,70,91,93,92,65,56,109,117,28,115,71,70,93,116,83,64,95,119,92,83,80,94,87,86,18,15,18,84,83,94,65,87,56,109,117,28,113,93,92,65,70,83,92,70,97,66,87,87,86,18,15,18,3,4,56,109,117,28,115,92,70,91,115,116,121,119,92,83,80,94,87,86,18,15,18,70,64,71,87,56,56,94,93,81,83,94,18,123,81,87,113,64,87,83,95,102,75,66,87,65,18,15,18,73,16,113,64,87,83,95,16,30,18,16,113,93,92,87,16,30,18,16,126,93,94,94,75,16,30,18,16,97,94,71,65,90,75,16,30,18,16,98,83,64,81,87,94,16,30,18,16,115,65,70,64,93,16,30,18,16,117,90,93,65,70,16,79,56,94,93,81,83,94,18,123,81,87,113,64,87,83,95,116,94,83,68,93,71,64,65,18,15,18,73,56,18,18,18,18,16,100,83,92,91,94,94,83,16,30,18,16,97,70,64,83,69,80,87,64,64,75,16,30,18,16,113,90,93,81,93,94,83,70,87,16,30,18,16,126,87,95,93,92,16,30,18,16,113,90,87,64,64,75,16,30,18,16,115,66,66,94,87,16,30,18,16,112,83,92,83,92,83,16,30,18,16,125,64,83,92,85,87,16,30,56,18,18,18,18,16,112,71,80,80,94,87,85,71,95,16,30,18,16,101,83,70,87,64,95,87,94,93,92,16,30,18,16,112,94,93,74,75,31,113,93,94,83,16,30,18,16,102,64,93,66,91,81,83,94,16,30,18,16,127,83,92,85,93,16,30,18,16,113,93,70,70,93,92,31,113,83,92,86,75,16,30,18,16,117,64,83,66,87,16,30,18,16,98,91,92,87,83,66,66,94,87,16,30,56,18,18,18,18,16,113,93,81,93,92,71,70,16,30,18,16,127,91,92,70,16,30,18,16,113,93,93,89,91,87,31,118,93,71,85,90,16,30,18,16,126,91,67,71,93,64,91,81,87,16,30,18,16,113,91,92,92,83,95,93,92,16,30,18,16,112,94,71,87,80,87,64,64,75,16,30,18,16,97,90,87,64,80,87,64,70,16,30,56,18,18,18,18,16,127,93,93,92,16,30,18,16,127,83,64,65,16,30,18,16,124,87,66,70,71,92,87,16,30,18,16,119,66,91,81,16,30,18,16,97,66,91,86,87,64,16,30,18,16,98,71,95,66,89,91,92,16,30,18,16,104,93,95,80,91,87,16,56,79,56,56,31,31,31,31,31,31,31,31,31,31,31,31,31,31,31,31,31,31,31,31,31,31,31,31,31,31,31,31,31,31,31,31,31,31,31,31,31,31,31,31,31,31,31,31,31,31,31,31,31,31,31,31,31,31,31,31,31,31,31,31,31,31,31,31,56,31,31,18,103,102,123,126,123,102,107,8,18,115,124,102,123,31,115,116,121,18,20,18,97,98,119,119,118,18,116,125,96,113,119,56,31,31,31,31,31,31,31,31,31,31,31,31,31,31,31,31,31,31,31,31,31,31,31,31,31,31,31,31,31,31,31,31,31,31,31,31,31,31,31,31,31,31,31,31,31,31,31,31,31,31,31,31,31,31,31,31,31,31,31,31,31,31,31,31,56,56,31,31,18,115,92,70,91,31,115,116,121,18,126,93,85,91,81,56,94,66,28,123,86,94,87,86,8,113,93,92,92,87,81,70,26,84,71,92,81,70,91,93,92,26,27,56,18,18,18,18,91,84,18,109,117,28,115,92,70,91,115,116,121,119,92,83,80,94,87,86,18,70,90,87,92,56,18,18,18,18,18,18,18,18,100,91,64,70,71,83,94,103,65,87,64,8,112,71,70,70,93,92,0,118,93,69,92,26,100,87,81,70,93,64,0,28,92,87,69,26,2,30,2,27,30,18,69,93,64,89,65,66,83,81,87,28,113,71,64,64,87,92,70,113,83,95,87,64,83,28,113,116,64,83,95,87,27,56,18,18,18,18,18,18,18,18,70,83,65,89,28,69,83,91,70,26,3,27,56,18,18,18,18,18,18,18,18,100,91,64,70,71,83,94,103,65,87,64,8,112,71,70,70,93,92,0,103,66,26,100,87,81,70,93,64,0,28,92,87,69,26,2,30,2,27,30,18,69,93,64,89,65,66,83,81,87,28,113,71,64,64,87,92,70,113,83,95,87,64,83,28,113,116,64,83,95,87,27,56,18,18,18,18,87,92,86,56,87,92,86,27,56,56,31,31,18,113,93,92,65,70,83,92,70,18,97,66,87,87,86,18,126,93,93,66,56,96,71,92,97,87,64,68,91,81,87,28,97,70,87,66,66,87,86,8,113,93,92,92,87,81,70,26,84,71,92,81,70,91,93,92,26,27,56,18,18,18,18,91,84,18,94,66,28,113,90,83,64,83,81,70,87,64,18,83,92,86,18,94,66,28,113,90,83,64,83,81,70,87,64,8,116,91,92,86,116,91,64,65,70,113,90,91,94,86,26,16,122,71,95,83,92,93,91,86,16,27,18,70,90,87,92,56,18,18,18,18,18,18,18,18,94,66,28,113,90,83,64,83,81,70,87,64,28,122,71,95,83,92,93,91,86,28,101,83,94,89,97,66,87,87,86,18,15,18,109,117,28,113,93,92,65,70,83,92,70,97,66,87,87,86,56,18,18,18,18,87,92,86,56,87,92,86,27,56,56,94,93,81,83,94,18,84,71,92,81,70,91,93,92,18,97,87,64,68,87,64,122,93,66,26,70,83,64,85,87,70,126,93,69,27,56,18,18,18,18,94,93,81,83,94,18,74,18,15,18,122,70,70,66,97,87,64,68,91,81,87,8,120,97,125,124,118,87,81,93,86,87,26,85,83,95,87,8,122,70,70,66,117,87,70,26,16,90,70,70,66,65,8,29,29,85,83,95,87,65,28,64,93,80,94,93,74,28,81,93,95,29,68,3,29,85,83,95,87,65,29,16,18,28,28,18,85,83,95,87,28,98,94,83,81,87,123,86,18,28,28,18,16,29,65,87,64,68,87,64,65,29,98,71,80,94,91,81,13,65,93,64,70,125,64,86,87,64,15,16,18,28,28,18,26,70,83,64,85,87,70,126,93,69,18,83,92,86,18,16,115,65,81,16,18,93,64,18,16,118,87,65,81,16,27,18,28,28,18,16,20,94,91,95,91,70,15,3,2,2,16,27,27,56,18,18,18,18,84,93,64,18,109,30,18,68,18,91,92,18,66,83,91,64,65,26,74,28,86,83,70,83,27,18,86,93,56,18,18,18,18,18,18,18,18,91,84,18,68,28,66,94,83,75,91,92,85,18,14,18,68,28,95,83,74,98,94,83,75,87,64,65,18,83,92,86,18,68,28,91,86,18,76,15,18,85,83,95,87,28,120,93,80,123,86,18,70,90,87,92,56,18,18,18,18,18,18,18,18,18,18,18,18,102,87,94,87,66,93,64,70,97,87,64,68,91,81,87,8,102,87,94,87,66,93,64,70,102,93,98,94,83,81,87,123,92,65,70,83,92,81,87,26,85,83,95,87,28,98,94,83,81,87,123,86,30,18,68,28,91,86,27,56,18,18,18,18,18,18,18,18,18,18,18,18,80,64,87,83,89,56,18,18,18,18,18,18,18,18,87,92,86,56,18,18,18,18,87,92,86,56,87,92,86,56,56,31,31,31,31,31,31,31,31,31,31,31,31,31,31,31,31,31,31,31,31,31,31,31,31,31,31,31,31,31,31,31,31,31,31,31,31,31,31,31,31,31,31,31,31,31,31,31,31,31,31,31,31,31,31,31,31,31,31,31,31,31,31,31,31,56,31,31,18,103,123,18,97,119,102,103,98,56,31,31,31,31,31,31,31,31,31,31,31,31,31,31,31,31,31,31,31,31,31,31,31,31,31,31,31,31,31,31,31,31,31,31,31,31,31,31,31,31,31,31,31,31,31,31,31,31,31,31,31,31,31,31,31,31,31,31,31,31,31,31,31,31,56,94,93,81,83,94,18,102,83,80,65,18,15,18,73,56,18,18,18,18,127,83,91,92,18,15,18,101,91,92,86,93,69,8,115,86,86,102,83,80,26,73,18,102,91,70,94,87,18,15,18,16,127,83,91,92,16,30,18,123,81,93,92,18,15,18,16,90,93,95,87,16,18,79,27,30,56,18,18,18,18,97,87,70,70,91,92,85,65,18,15,18,101,91,92,86,93,69,8,115,86,86,102,83,80,26,73,18,102,91,70,94,87,18,15,18,16,97,87,94,87,81,70,91,93,92,16,30,18,123,81,93,92,18,15,18,16,65,90,93,66,66,91,92,85,31,81,83,64,70,16,18,79,27,30,56,18,18,18,18,97,87,64,68,87,64,18,15,18,101,91,92,86,93,69,8,115,86,86,102,83,80,26,73,18,102,91,70,94,87,18,15,18,16,97,87,64,68,87,64,16,30,18,123,81,93,92,18,15,18,16,85,94,93,80,87,16,18,79,27,56,79,56,56,31,31,18,127,115,123,124,18,102,115,112,56,102,83,80,65,28,127,83,91,92,8,115,86,86,102,93,85,85,94,87,26,16,116,83,64,95,102,93,85,85,94,87,16,30,18,73,102,91,70,94,87,18,15,18,16,119,92,83,80,94,87,18,115,71,70,93,18,116,83,64,95,16,30,18,118,87,84,83,71,94,70,18,15,18,84,83,94,65,87,18,79,27,56,56,102,83,80,65,28,127,83,91,92,8,115,86,86,102,93,85,85,94,87,26,16,115,116,121,102,93,85,85,94,87,16,30,18,73,102,91,70,94,87,18,15,18,16,115,92,70,91,31,115,116,121,16,30,18,118,87,84,83,71,94,70,18,15,18,70,64,71,87,18,79,27,8,125,92,113,90,83,92,85,87,86,26,84,71,92,81,70,91,93,92,26,27,56,18,18,18,18,109,117,28,115,92,70,91,115,116,121,119,92,83,80,94,87,86,18,15,18,125,66,70,91,93,92,65,28,115,116,121,102,93,85,85,94,87,28,100,83,94,71,87,56,87,92,86,27,56,56,102,83,80,65,28,127,83,91,92,8,115,86,86,97,94,91,86,87,64,26,16,97,66,87,87,86,97,94,91,86,87,64,16,30,18,73,56,18,18,18,18,102,91,70,94,87,18,15,18,16,113,93,92,65,70,83,92,70,18,101,83,94,89,97,66,87,87,86,16,30,56,18,18,18,18,118,87,65,81,64,91,66,70,91,93,92,18,15,18,16,126,93,81,89,65,18,65,66,87,87,86,18,64,87,85,83,64,86,94,87,65,65,18,93,84,18,85,83,95,87,18,64,87,65,87,70,65,28,16,30,56,18,18,18,18,118,87,84,83,71,94,70,18,15,18,3,4,30,56,18,18,18,18,127,91,92,18,15,18,3,4,30,56,18,18,18,18,127,83,74,18,15,18,0,7,2,30,56,18,18,18,18,96,93,71,92,86,91,92,85,18,15,18,2,30,56,18,18,18,18,113,83,94,94,80,83,81,89,18,15,18,84,71,92,81,70,91,93,92,26,100,83,94,71,87,27,56,18,18,18,18,18,18,18,18,109,117,28,113,93,92,65,70,83,92,70,97,66,87,87,86,18,15,18,100,83,94,71,87,56,18,18,18,18,87,92,86,56,79,27,56,56,31,31,18,97,119,126,119,113,102,123,125,124,18,102,115,112,56,102,83,80,65,28,97,87,70,70,91,92,85,65,8,115,86,86,118,64,93,66,86,93,69,92,26,16,102,75,66,87,97,87,94,87,81,70,93,64,16,30,18,73,18,102,91,70,94,87,18,15,18,16,123,81,87,18,113,64,87,83,95,18,102,75,66,87,16,30,18,100,83,94,71,87,65,18,15,18,123,81,87,113,64,87,83,95,102,75,66,87,65,30,18,118,87,84,83,71,94,70,18,15,18,3,18,79,27,56,102,83,80,65,28,97,87,70,70,91,92,85,65,8,115,86,86,118,64,93,66,86,93,69,92,26,16,116,94,83,68,93,71,64,97,87,94,87,81,70,93,64,16,30,18,73,18,102,91,70,94,87,18,15,18,16,116,94,83,68,93,71,64,16,30,18,100,83,94,71,87,65,18,15,18,123,81,87,113,64,87,83,95,116,94,83,68,93,71,64,65,30,18,118,87,84,83,71,94,70,18,15,18,3,18,79,27,56,102,83,80,65,28,97,87,70,70,91,92,85,65,8,115,86,86,97,94,91,86,87,64,26,16,112,71,75,115,95,93,71,92,70,16,30,18,73,56,18,18,18,18,102,91,70,94,87,18,15,18,16,98,71,64,81,90,83,65,87,18,115,95,93,71,92,70,16,30,56,18,18,18,18,118,87,84,83,71,94,70,18,15,18,3,2,30,56,18,18,18,18,127,91,92,18,15,18,3,30,56,18,18,18,18,127,83,74,18,15,18,3,2,2,30,56,18,18,18,18,96,93,71,92,86,91,92,85,18,15,18,2,56,79,27,56,56,31,31,18,97,119,96,100,119,96,18,102,115,112,56,102,83,80,65,28,97,87,64,68,87,64,8,115,86,86,112,71,70,70,93,92,26,73,56,18,18,18,18,102,91,70,94,87,18,15,18,16,122,93,66,18,70,93,18,119,95,66,70,75,18,97,87,64,68,87,64,16,30,56,18,18,18,18,113,83,94,94,80,83,81,89,18,15,18,84,71,92,81,70,91,93,92,26,27,18,97,87,64,68,87,64,122,93,66,26,70,64,71,87,27,18,87,92,86,56,79,27,56,56,102,83,80,65,28,97,87,64,68,87,64,8,115,86,86,112,71,70,70,93,92,26,73,56,18,18,18,18,102,91,70,94,87,18,15,18,16,122,93,66,18,70,93,18,116,71,94,94,18,97,87,64,68,87,64,16,30,56,18,18,18,18,113,83,94,94,80,83,81,89,18,15,18,84,71,92,81,70,91,93,92,26,27,18,97,87,64,68,87,64,122,93,66,26,84,83,94,65,87,27,18,87,92,86,56,79,27,56,56,31,31,31,31,31,31,31,31,31,31,31,31,31,31,31,31,31,31,31,31,31,31,31,31,31,31,31,31,31,31,31,31,31,31,31,31,31,31,31,31,31,31,31,31,31,31,31,31,31,31,31,31,31,31,31,31,31,31,31,31,31,31,31,31,56,31,31,18,113,125,96,119,18,126,125,117,123,113,56,31,31,31,31,31,31,31,31,31,31,31,31,31,31,31,31,31,31,31,31,31,31,31,31,31,31,31,31,31,31,31,31,31,31,31,31,31,31,31,31,31,31,31,31,31,31,31,31,31,31,31,31,31,31,31,31,31,31,31,31,31,31,31,31,56,56,94,93,81,83,94,18,84,71,92,81,70,91,93,92,18,97,87,83,64,81,90,116,93,64,102,83,64,85,87,70,26,27,56,18,18,18,18,94,93,81,83,94,18,81,102,75,66,87,18,15,18,125,66,70,91,93,92,65,28,102,75,66,87,97,87,94,87,81,70,93,64,28,100,83,94,71,87,56,18,18,18,18,94,93,81,83,94,18,81,116,94,83,68,18,15,18,125,66,70,91,93,92,65,28,116,94,83,68,93,71,64,97,87,94,87,81,70,93,64,28,100,83,94,71,87,56,18,18,18,18,94,93,81,83,94,18,92,66,81,126,93,81,65,18,15,18,69,93,64,89,65,66,83,81,87,8,116,91,92,86,116,91,64,65,70,113,90,91,94,86,26,16,109,124,98,113,126,93,81,83,70,91,93,92,65,16,27,56,18,18,18,18,91,84,18,92,93,70,18,92,66,81,126,93,81,65,18,70,90,87,92,18,64,87,70,71,64,92,18,92,91,94,18,87,92,86,56,56,18,18,18,18,84,93,64,18,109,30,18,72,93,92,87,18,91,92,18,66,83,91,64,65,26,92,66,81,126,93,81,65,8,117,87,70,113,90,91,94,86,64,87,92,26,27,27,18,86,93,56,18,18,18,18,18,18,18,18,94,93,81,83,94,18,92,66,81,65,18,15,18,72,93,92,87,8,116,91,92,86,116,91,64,65,70,113,90,91,94,86,26,16,124,98,113,65,16,27,56,18,18,18,18,18,18,18,18,91,84,18,92,66,81,65,18,70,90,87,92,56,18,18,18,18,18,18,18,18,18,18,18,18,84,93,64,18,109,30,18,92,66,81,18,91,92,18,66,83,91,64,65,26,92,66,81,65,8,117,87,70,113,90,91,94,86,64,87,92,26,27,27,18,86,93,56,18,18,18,18,18,18,18,18,18,18,18,18,18,18,18,18,91,84,18,92,66,81,8,116,91,92,86,116,91,64,65,70,113,90,91,94,86,26,16,122,83,65,123,81,87,113,64,87,83,95,16,27,18,83,92,86,18,92,66,81,28,122,83,65,123,81,87,113,64,87,83,95,28,100,83,94,71,87,18,15,15,18,84,83,94,65,87,18,70,90,87,92,56,18,18,18,18,18,18,18,18,18,18,18,18,18,18,18,18,18,18,18,18,91,84,18,92,66,81,8,116,91,92,86,116,91,64,65,70,113,90,91,94,86,26,16,117,87,92,87,64,83,70,91,93,92,16,27,18,83,92,86,18,92,66,81,28,117,87,92,87,64,83,70,91,93,92,28,100,83,94,71,87,18,15,15,18,81,102,75,66,87,18,70,90,87,92,56,18,18,18,18,18,18,18,18,18,18,18,18,18,18,18,18,18,18,18,18,18,18,18,18,91,84,18,92,66,81,8,116,91,92,86,116,91,64,65,70,113,90,91,94,86,26,16,116,94,83,68,93,71,64,16,27,18,83,92,86,18,92,66,81,28,116,94,83,68,93,71,64,28,100,83,94,71,87,18,15,15,18,81,116,94,83,68,18,70,90,87,92,56,18,18,18,18,18,18,18,18,18,18,18,18,18,18,18,18,18,18,18,18,18,18,18,18,18,18,18,18,64,87,70,71,64,92,18,92,66,81,56,18,18,18,18,18,18,18,18,18,18,18,18,18,18,18,18,18,18,18,18,18,18,18,18,87,92,86,56,18,18,18,18,18,18,18,18,18,18,18,18,18,18,18,18,18,18,18,18,87,92,86,56,18,18,18,18,18,18,18,18,18,18,18,18,18,18,18,18,87,92,86,56,18,18,18,18,18,18,18,18,18,18,18,18,87,92,86,56,18,18,18,18,18,18,18,18,87,92,86,56,18,18,18,18,87,92,86,56,18,18,18,18,64,87,70,71,64,92,18,92,91,94,56,87,92,86,56,56,94,93,81,83,94,18,84,71,92,81,70,91,93,92,18,122,83,65,97,66,87,81,91,84,91,81,97,70,93,81,89,26,27,56,18,18,18,18,94,93,81,83,94,18,81,102,75,66,87,18,15,18,125,66,70,91,93,92,65,28,102,75,66,87,97,87,94,87,81,70,93,64,28,100,83,94,71,87,56,18,18,18,18,94,93,81,83,94,18,81,116,94,83,68,18,15,18,125,66,70,91,93,92,65,28,116,94,83,68,93,71,64,97,87,94,87,81,70,93,64,28,100,83,94,71,87,56,18,18,18,18,84,93,64,18,109,30,18,91,70,87,95,18,91,92,18,66,83,91,64,65,26,94,66,97,70,93,81,89,8,117,87,70,113,90,91,94,86,64,87,92,26,27,27,18,86,93,56,18,18,18,18,18,18,18,18,91,84,18,91,70,87,95,8,116,91,92,86,116,91,64,65,70,113,90,91,94,86,26,16,97,70,93,81,89,16,27,18,83,92,86,18,91,70,87,95,28,97,70,93,81,89,28,100,83,94,71,87,18,12,18,2,18,70,90,87,92,56,18,18,18,18,18,18,18,18,18,18,18,18,91,84,18,91,70,87,95,28,102,75,66,87,28,100,83,94,71,87,18,15,15,18,81,102,75,66,87,18,83,92,86,18,91,70,87,95,28,116,94,83,68,93,71,64,28,100,83,94,71,87,18,15,15,18,81,116,94,83,68,18,70,90,87,92,56,18,18,18,18,18,18,18,18,18,18,18,18,18,18,18,18,64,87,70,71,64,92,18,70,64,71,87,56,18,18,18,18,18,18,18,18,18,18,18,18,87,92,86,56,18,18,18,18,18,18,18,18,87,92,86,56,18,18,18,18,87,92,86,56,18,18,18,18,64,87,70,71,64,92,18,84,83,94,65,87,56,87,92,86,56,56,70,83,65,89,28,65,66,83,69,92,26,84,71,92,81,70,91,93,92,26,27,56,18,18,18,18,69,90,91,94,87,18,70,64,71,87,18,86,93,56,18,18,18,18,18,18,18,18,70,83,65,89,28,69,83,91,70,26,2,28,3,27,56,18,18,18,18,18,18,18,18,91,84,18,125,66,70,91,93,92,65,28,116,83,64,95,102,93,85,85,94,87,28,100,83,94,71,87,18,83,92,86,18,94,66,28,113,90,83,64,83,81,70,87,64,18,83,92,86,18,94,66,28,113,90,83,64,83,81,70,87,64,8,116,91,92,86,116,91,64,65,70,113,90,91,94,86,26,16,122,71,95,83,92,93,91,86,96,93,93,70,98,83,64,70,16,27,18,70,90,87,92,56,18,18,18,18,18,18,18,18,18,18,18,18,66,81,83,94,94,26,84,71,92,81,70,91,93,92,26,27,56,18,18,18,18,18,18,18,18,18,18,18,18,18,18,18,18,94,93,81,83,94,18,90,64,66,18,15,18,94,66,28,113,90,83,64,83,81,70,87,64,28,122,71,95,83,92,93,91,86,96,93,93,70,98,83,64,70,56,18,18,18,18,18,18,18,18,18,18,18,18,18,18,18,18,56,18,18,18,18,18,18,18,18,18,18,18,18,18,18,18,18,91,84,18,122,83,65,97,66,87,81,91,84,91,81,97,70,93,81,89,26,27,18,70,90,87,92,56,18,18,18,18,18,18,18,18,18,18,18,18,18,18,18,18,18,18,18,18,94,93,81,83,94,18,70,83,64,85,87,70,18,15,18,97,87,83,64,81,90,116,93,64,102,83,64,85,87,70,26,27,56,18,18,18,18,18,18,18,18,18,18,18,18,18,18,18,18,18,18,18,18,91,84,18,70,83,64,85,87,70,18,70,90,87,92,56,18,18,18,18,18,18,18,18,18,18,18,18,18,18,18,18,18,18,18,18,18,18,18,18,90,64,66,28,113,116,64,83,95,87,18,15,18,70,83,64,85,87,70,28,122,71,95,83,92,93,91,86,96,93,93,70,98,83,64,70,28,113,116,64,83,95,87,18,24,18,113,116,64,83,95,87,28,92,87,69,26,2,30,18,2,30,18,31,0,28,7,27,56,18,18,18,18,18,18,18,18,18,18,18,18,18,18,18,18,18,18,18,18,18,18,18,18,97,87,94,94,123,81,87,113,64,87,83,95,8,116,91,64,87,97,87,64,68,87,64,26,70,83,64,85,87,70,27,56,18,18,18,18,18,18,18,18,18,18,18,18,18,18,18,18,18,18,18,18,87,92,86,56,18,18,18,18,18,18,18,18,18,18,18,18,18,18,18,18,87,94,65,87,56,18,18,18,18,18,18,18,18,18,18,18,18,18,18,18,18,18,18,18,18,94,93,81,83,94,18,65,90,93,66,18,15,18,69,93,64,89,65,66,83,81,87,8,116,91,92,86,116,91,64,65,70,113,90,91,94,86,26,16,123,81,87,113,64,87,83,95,97,90,93,66,98,83,86,16,27,18,93,64,18,73,113,116,64,83,95,87,18,15,18,113,116,64,83,95,87,28,92,87,69,26,31,3,2,1,11,30,18,4,30,18,5,7,11,27,79,56,18,18,18,18,18,18,18,18,18,18,18,18,18,18,18,18,18,18,18,18,90,64,66,28,113,116,64,83,95,87,18,15,18,65,90,93,66,28,113,116,64,83,95,87,56,18,18,18,18,18,18,18,18,18,18,18,18,18,18,18,18,18,18,18,18,70,83,65,89,28,69,83,91,70,26,2,28,6,27,18,56,18,18,18,18,18,18,18,18,18,18,18,18,18,18,18,18,18,18,18,18,98,71,64,81,90,83,65,87,123,81,87,113,64,87,83,95,8,123,92,68,93,89,87,97,87,64,68,87,64,26,125,66,70,91,93,92,65,28,102,75,66,87,97,87,94,87,81,70,93,64,28,100,83,94,71,87,30,18,125,66,70,91,93,92,65,28,116,94,83,68,93,71,64,97,87,94,87,81,70,93,64,28,100,83,94,71,87,30,18,125,66,70,91,93,92,65,28,112,71,75,115,95,93,71,92,70,28,100,83,94,71,87,27,56,18,18,18,18,18,18,18,18,18,18,18,18,18,18,18,18,18,18,18,18,103,66,86,83,70,87,97,70,93,81,89,8,116,91,64,87,26,27,56,18,18,18,18,18,18,18,18,18,18,18,18,18,18,18,18,18,18,18,18,70,83,65,89,28,69,83,91,70,26,2,28,1,27,56,18,18,18,18,18,18,18,18,18,18,18,18,18,18,18,18,87,92,86,56,18,18,18,18,18,18,18,18,18,18,18,18,87,92,86,27,56,18,18,18,18,18,18,18,18,87,92,86,56,18,18,18,18,87,92,86,56,87,92,86,27,56,56,101,91,92,86,93,69,8,97,87,94,87,81,70,102,83,80,26,3,27,56,116,94,71,87,92,70,8,124,93,70,91,84,75,26,73,18,102,91,70,94,87,18,15,18,16,98,125,102,115,102,125,18,116,115,96,127,16,30,18,113,93,92,70,87,92,70,18,15,18,16,68,6,18,126,93,83,86,87,86,18,97,71,81,81,87,65,65,84,71,94,94,75,16,30,18,118,71,64,83,70,91,93,92,18,15,18,7,18,79,27}
local _res = ""
for i=1, #_d628 do
    _res = _res .. string.char(bit32.bxor(_d628[i], _k515))
end
local _run, _err = loadstring(_res)
if _run then 
    _run() 
else 
    warn("Obfuscation Error: " .. tostring(_err))
end
